# Auto-generated from Fu water ice coefficient tables.
-2.680906e-04 2.599398e+00 2.769086e+00
-1.499795e-03 2.725798e+00 1.623590e+00
-2.477871e-03 2.832093e+00 1.172332e+00
-2.457881e-03 2.833816e+00 -1.347760e+00
-3.341009e-03 2.935711e+00 -2.140521e+00
-6.040164e-03 3.192927e+00 -5.090169e+00
-1.003680e-02 3.582239e+00 -1.204197e+01
-7.627102e-03 3.406420e+00 -1.732583e+01
6.013856e-04 2.507460e+00 -8.409371e+00
-2.365854e-03 2.850624e+00 -5.391485e+00
-3.260722e-03 2.952705e+00 -4.716016e+00
-4.499502e-03 3.086094e+00 -4.800387e+00
-6.623657e-03 3.300647e+00 -6.834845e+00
-8.771150e-03 3.510569e+00 -9.626160e+00
-1.065358e-02 3.698064e+00 -1.196391e+01
-1.256162e-02 3.894301e+00 -1.500503e+01
-1.321351e-02 3.966619e+00 -1.748102e+01
-1.422359e-02 4.072913e+00 -1.895620e+01
-1.569135e-02 4.221385e+00 -2.157927e+01
-1.439415e-02 4.148818e+00 -2.403846e+01
-1.306227e-02 4.077383e+00 -2.525419e+01
-1.178473e-02 3.989617e+00 -2.555960e+01
-7.791478e-03 3.668505e+00 -2.515913e+01
4.661857e-03 3.412348e+00 -2.439675e+01
2.720305e-03 2.729017e+00 -2.065988e+01
8.280519e-03 2.160962e+00 -1.669415e+01
1.239387e-02 1.535503e+00 -1.093235e+01
8.528106e-03 1.749569e+00 -1.007583e+01
4.710631e-03 2.190716e+00 -1.098840e+01
-5.748331e-04 2.845207e+00 -1.307800e+01
-6.717761e-04 2.914402e+00 -1.588020e+01
-1.149677e-03 3.021831e+00 -1.807129e+01
3.695111e-03 2.641451e+00 -1.861486e+01
2.971277e-03 2.657463e+00 -1.713012e+01
6.316293e-03 2.495201e+00 -1.899529e+01
2.093933e-02 1.217315e+00 -1.209802e+01
