# Auto-generated from Fu water ice coefficient tables.
0.119114e+00 0.271746e-03 0.167483e-05 -0.114603e-07
0.118072e+00 0.271772e-03 0.169253e-05 -0.115557e-07
0.117402e+00 0.266303e-03 0.177039e-05 -0.118611e-07
0.116918e+00 0.259549e-03 0.186749e-05 -0.122603e-07
0.116280e+00 0.260187e-03 0.186852e-05 -0.122767e-07
0.115924e+00 0.257563e-03 0.190915e-05 -0.124662e-07
0.115698e+00 0.253051e-03 0.196886e-05 -0.127068e-07
0.115399e+00 0.254148e-03 0.195306e-05 -0.126367e-07
0.115075e+00 0.253778e-03 0.196362e-05 -0.126915e-07
0.114851e+00 0.253877e-03 0.195544e-05 -0.126520e-07
0.114702e+00 0.249621e-03 0.200834e-05 -0.128407e-07
0.114529e+00 0.252697e-03 0.196954e-05 -0.126964e-07
0.114363e+00 0.251588e-03 0.197763e-05 -0.127169e-07
0.114063e+00 0.252039e-03 0.196981e-05 -0.127049e-07
0.113929e+00 0.243713e-03 0.205704e-05 -0.130243e-07
0.113586e+00 0.247068e-03 0.200607e-05 -0.128484e-07
0.113458e+00 0.234418e-03 0.205104e-05 -0.129739e-07
0.112862e+00 -0.588231e-04 0.228614e-05 -0.133209e-07
0.112523e+00 -0.108250e-04 0.197961e-05 -0.125509e-07
0.109846e+00 -0.277684e-03 0.325839e-05 -0.165331e-07
0.107118e+00 0.719242e-04 0.192582e-05 -0.122234e-07
0.890564e-01 -0.274978e-03 0.339897e-05 -0.160260e-07
0.187637e-02 -0.671949e-04 0.800971e-06 -0.306127e-08
0.980959e-02 -0.176412e-02 0.148821e-04 -0.488661e-07
0.800921e-01 -0.196027e-02 0.192241e-04 -0.663994e-07
