# Auto-generated from Fu water ice coefficient tables.
-0.236447e-03 0.253817e+01
-0.266955e-03 0.254179e+01
-0.293599e-03 0.254540e+01
-0.258858e-03 0.253815e+01
-0.106451e-03 0.252684e+01
0.129121e-03 0.250410e+01
-0.945458e-04 0.252061e+01
-0.303108e-04 0.251805e+01
0.982244e-04 0.250875e+01
0.161983e-03 0.250746e+01
-0.304991e-03 0.254412e+01
0.226539e-03 0.249909e+01
0.810443e-04 0.251619e+01
0.737638e-04 0.251051e+01
-0.614288e-03 0.256520e+01
0.413595e-03 0.248783e+01
0.651659e-04 0.251660e+01
-0.805155e-03 0.257600e+01
0.644675e-03 0.247060e+01
-0.837325e-04 0.252504e+01
0.489477e-03 0.248776e+01
0.234245e-03 0.248573e+01
0.297295e-03 0.248895e+01
0.187598e-03 0.251396e+01
-0.254823e-03 0.252909e+01
