# Auto-generated from Fu water ice coefficient tables.
3.785837e-01 1.833337e-02 -1.709094e-04 5.778551e-07
7.661386e-01 1.422389e-02 -1.659450e-04 6.344113e-07
3.077396e-01 1.861326e-02 -1.650438e-04 5.433807e-07
9.952894e-01 9.421914e-03 -1.241774e-04 5.032800e-07
8.335332e-01 1.374793e-02 -1.676179e-04 6.541041e-07
6.334002e-01 1.792529e-02 -2.001585e-04 7.450579e-07
5.470758e-01 1.950538e-02 -2.084912e-04 7.563391e-07
5.187942e-01 1.993425e-02 -2.071124e-04 7.378074e-07
1.111773e+00 5.725100e-03 -7.683300e-05 3.126251e-07
1.507775e+00 -4.698557e-03 2.493337e-05 -4.596910e-08
1.534623e+00 -4.949170e-03 2.283594e-05 -2.840756e-08
1.482344e+00 -1.815913e-03 -2.204838e-05 1.611611e-07
1.184661e+00 6.623699e-03 -1.143750e-04 5.061983e-07
1.025460e+00 1.159497e-02 -1.675401e-04 6.983504e-07
8.887449e-01 1.540193e-02 -2.057829e-04 8.309719e-07
6.600393e-01 2.009876e-02 -2.405766e-04 9.213070e-07
6.030238e-01 2.127496e-02 -2.483370e-04 9.383354e-07
5.208269e-01 2.225401e-02 -2.496798e-04 9.238338e-07
2.588473e-01 2.322613e-02 -2.210268e-04 7.490244e-07
1.136993e-01 1.939475e-02 -1.507608e-04 4.550048e-07
9.284589e-02 1.834866e-02 -1.354769e-04 3.964336e-07
8.864055e-02 1.831382e-02 -1.346222e-04 3.931436e-07
9.369075e-02 1.809493e-02 -1.276901e-04 3.558808e-07
1.004121e-01 1.904611e-02 -1.385153e-04 3.928031e-07
1.594049e-01 2.153126e-02 -1.700350e-04 5.020379e-07
2.243487e-01 2.285007e-02 -1.931360e-04 5.960540e-07
3.795914e-01 2.337034e-02 -2.234903e-04 7.508720e-07
6.924775e-01 2.026286e-02 -2.293824e-04 8.502457e-07
1.058412e+00 1.276963e-02 -1.782293e-04 7.239931e-07
1.554267e+00 5.374935e-03 -1.431053e-04 6.774181e-07
1.300220e+00 1.496781e-02 -2.541818e-04 1.097621e-06
1.122045e+00 2.153773e-02 -3.306279e-04 1.385655e-06
6.668937e-01 3.233277e-02 -4.152951e-04 1.613059e-06
9.672954e-01 2.674426e-02 -3.816394e-04 1.552406e-06
4.680017e-01 3.963912e-02 -4.961493e-04 1.900694e-06
-1.093604e-01 3.646463e-02 -3.126528e-04 9.002710e-07
